395.80598240182326 660.3038134456937 200.0 10 1 image/koin1.jpg
279.3260429494018 659.0180306518391 200.0 10 1 image/koin1.jpg
351.6392968443749 660.9069677285682 200.0 10 1 image/koin1.jpg
692.430242358187 654.9621675540292 200.0 10 1 image/koin1.jpg
104.61086042379151 659.8974609132403 200.0 10 1 image/koin1.jpg
399.7211063035203 659.8005220919935 200.0 10 1 image/koin1.jpg
293.4031440970719 659.8658075884155 200.0 10 1 image/koin1.jpg
343.3656275514435 583.7708773078116 200.0 10 1 image/koin1.jpg
410.59617323138457 468.6952300295369 200.0 10 1 image/koin1.jpg
331.24730615732756 516.694972264173 200.0 10 1 image/koin1.jpg
698.879553259487 470.2650040206171 200.0 10 1 image/koin1.jpg
